Time (Milliseconds), Device Number(1:MW,2:MS,3:BB), Signal Quality(0-100), Story Average Attention (0-100), Chapter Attention Value, Current Attention Value, Chapter(0,1,2), Page, Tier(0,1,2), Mode
150580, 2, 100, 66, 66, 66, 0, 0, 1, 15
179006, 2, 87.5, 42.1333, 42.1333, 43, 0, 0, 1, 2
180092, 2, 87.5, 42.1333, 42.1333, 43, 0, 1, 1, 3
181477, 2, 100, 42.1333, 42.1333, 43, 0, 1, 1, 3
182830, 2, 74.5, 42.1333, 42.1333, 43, 0, 1, 1, 3
184227, 2, 87.5, 42.1333, 42.1333, 43, 0, 1, 1, 3
185653, 2, 87.5, 42.1333, 42.1333, 43, 0, 1, 1, 3
187092, 2, 100, 42.1333, 42.1333, 43, 0, 1, 1, 3
188518, 2, 100, 42.1333, 42.1333, 43, 0, 1, 1, 3
